export const orthonormalBasis = [
    [
        0.5773502691896258,
        0.5773502691896258,
        0.5773502691896258,
        0
    ],
    [
        -0.8111071056538127,
        0.4866642633922876,
        0.3244428422615252,
        0
    ],
    [
        -0.09365858115816933,
        -0.6556100681071858,
        0.7492686492653552,
        0
    ],
    [
        0,
        0,
        0,
        1
    ]
];

// the transpose of the above martix
export const inverseOrthonormalBasis = [
    [
        0.5773502691896258,
        -0.8111071056538127,
        -0.09365858115816933,
        0
    ],
    [
        0.5773502691896258,
        0.4866642633922876,
        -0.6556100681071858,
        0
    ],
    [
        0.5773502691896258,
        0.3244428422615252,
        0.7492686492653552,
        0
    ],
    [
        0,
        0,
        0,
        1
    ]
];